17/02/01 0:26
プロジェクトの翻訳状況

            	分節数	 単語数	文字数（空白を除く）	文字数（空白を含む）	ファイル数	
合計：         	520	1452	      9245	     10114	    8	
未翻訳：        	  2	   6	        58	        58	    1	
繰り返しを除いた：   	438	1279	      8020	      8809	    8	
繰り返しを除いた未翻訳：	  2	   6	        58	        58	    1	


ファイルごとの翻訳状況：

ファイル名                    	すべての分節数	未翻訳分節数	繰り返しを除いた分節数	繰り返しを除いた未翻訳分節数	すべての単語数	未翻訳単語数	繰り返しを除いた単語数	繰り返しを除いた未翻訳単語数	すべての文字数（空白を除く）	未翻訳文字数（空白を除く）	繰り返しを除いた文字数（空白を除く）	繰り返しを除いた未翻訳文字数（空白を除く）	すべての文字数（空白を含む）	未翻訳文字数（空白を含む）	繰り返しを除いた文字数（空白を含む）	繰り返しを除いた未翻訳文字数（空白を含む）	
bobores_0.14.0.cfg       	     48	     0	         37	             0	     98	     0	         76	             0	           793	            0	               561	                    0	           817	            0	               585	                    0	
bobplates_0.14.0.cfg     	    273	     0	        238	             0	    782	     0	        707	             0	          4553	            0	              4140	                    0	          5062	            0	              4609	                    0	
bobelectronics_0.14.0.cfg	     30	     0	         19	             0	     70	     0	         45	             0	           463	            0	               310	                    0	           503	            0	               336	                    0	
bobassembly_0.14.0.cfg   	     42	     2	         41	             2	    122	     6	        121	             6	          1008	           58	               996	                   58	          1051	           58	              1039	                   58	
bobgreenhouse_0.14.0.cfg 	      8	     0	          5	             0	     12	     0	          9	             0	            90	            0	                60	                    0	            94	            0	                64	                    0	
bobenemies_0.14.0.cfg    	     66	     0	         66	             0	    216	     0	        216	             0	          1242	            0	              1242	                    0	          1392	            0	              1392	                    0	
CharcoalBurner_1.0.5.cfg 	     14	     0	         14	             0	     65	     0	         65	             0	           399	            0	               399	                    0	           450	            0	               450	                    0	
Warehousing_0.0.11.cfg   	     39	     0	         18	             0	     87	     0	         40	             0	           697	            0	               312	                    0	           745	            0	               334	                    0	
